rndm_center_q=7173,22.660271737562663;9964,64.240804543512709;14510,52.38533623556647;16563,69.693852478677158;25680,104.65480330212063;28463,74.365031680564712;40264,29.998435098604382;52891,101.14469770865347;53734,75.542181644818555;86769,24.567089781639744
rndm_perif_q=10144,53.304444728350617;11092,96.540769311752697;23913,89.932134066151178;24386,71.933434806027634;24961,117.26997382789948;25596,80.871614013181443;29155,14.124198643967626;29799,181.50776616103755;31947,17.922009132914063;39358,51.892487254120446;40705,186.02861849271042;41136,40.200915382915355;43724,138.82157377363973;45166,389.26204057422041;47201,26.07704558612809;47350,36.273004528045121;47513,76.300916705275881;49837,12.143764943208074;53869,140.78181544767162;53905,26.058188404735102;55909,67.362760295540966;55940,150.41608597349369;56010,34.559370878826549;65382,111.68209711173066;66256,59.684712172244332;71606,89.24941559846269;71704,179.22481346073977;73778,45.50021189940756;76470,318.41015906414509;78057,21.116463207085886;79774,24.294734118863669;82594,95.959495798242443;85638,71.448332856428948;86594,41.306097098289229;87132,56.843323508955898;88034,60.139836033596964;88101,161.65379551527295;89874,148.27292546552286;91177,57.02778154620971;94545,0.92231895442190392
