rndm_center_q=2091127,29.908117483725121;2091504,31.794906539357502;2093393,258.88372830609694;2093505,72.863559495142823;2093601,57.116615453153635;2099585,40.318552850124171;2100428,1.2563011474380259;2100877,104.96502692384826;2101615,143.81005451416803;2101663,19.93595894467763;2115519,261.13501194863801;2117076,64.113834632445361;2117690,70.762147980681263;2143637,45.783217088718892;2147252,620.19957049329321;2147826,34.558740547774825;2149289,317.38003055855251;2158348,70.866407682286848;2178110,170.74998556865461;2178110,335.87915159872745
rndm_perif_q=2005541,706.81808673229239;2011579,248.0885448362192;2015552,246.17404343249291;2019778,42.224637235388812;2021420,560.92046743435196;2022009,183.65374526007042;2025806,386.28292147819917;2037238,126.58300473956081;2044330,105.860903631;2045443,173.8252329082294;2047413,50.410293512000003;2049301,9.7173119538301282;2062323,47.738360103935868;2064943,273.68051741952564;2067627,147.93694874087936;2067633,56.882036043278632;2086561,49.045874945100003;2092498,153.33840949157903;2094075,70.60081309904885;2095848,197.40138059362604;2096798,53.973038321474256;2098273,182.20530099470542;2103359,412.28972366800105;2104196,135.20989833365337;2104296,0;2104871,70.827276725329497;2109675,259.37360306533651;2110753,235.21818160835863;2111438,103.38164904508581;2112481,368.58019098575681;2112604,546.48236244541101;2117807,840.7657996424208;2123149,0;2127408,108.76659817181941;2134633,1.7462838541369718;2138423,1247.5054045715153;2139060,322.3397345166731;2139522,159.62127459704186;2140445,141.94880835569413;2141973,0;2153836,98.452727511760244;2153894,342.23370961509829;2154327,0;2162235,316.21106375115875;2167343,190.80058471888961;2168457,41.862845198916681;2170920,1662.1519056709476;2170997,1687.910391015351;2175402,7.6164624338916385;2177402,56.563406564693324
