rndm_center_q=2002618,52.810553855373485;2003176,0.092262276805340798;2004032,74.40567017738033;2004349,48.161169359292295;2004349,97.976816831361148;2004661,52.836821740235052;2004940,45.721249422107462;2005300,41.438643035703912;2005641,58.01735416253851;2006476,52.78494249055089
rndm_perif_q=2000159,801.29908412812892;2000159,379.23717242040431;2000456,578.07323091055741;2000468,761.28326661674168;2000512,43.920666902776716;2000892,25.777374174491751;2001091,215.14064438050323;2001108,1605.3313972456617;2001358,208.3238333343869;2001380,525.26350415451384;2001466,89.98907866534303;2001489,858.46896111028582;2001970,108.03328318393812;2001992,72.694294479457028;2002008,164.90316450587974;2002009,83.95878176902859;2002569,162.65727514974279;2002819,1121.2622160135138;2002819,102.30418328440207;2002874,376.37105187903501;2002975,11.502241162234567;2003329,341.40582009340392;2003438,53.092695745550287;2003506,135.48826713431683;2003551,446.98086099788844;2003719,968.1719729409574;2003728,203.90120195451493;2003803,352.37805287704157;2003812,206.25711039248563;2003949,893.46499671632364;2003998,150.8590916300621;2004174,25.53307550247867;2004279,242.81034238004671;2004355,148.56666444497344;2004401,0;2004547,328.64884836744403;2004576,23.036236328222714;2004588,235.67092916419966;2004632,1231.2095508295176;2004676,64.530895880190343;2004709,22.334195677903885;2004728,364.88030435644345;2004787,42.24236334014082;2004822,532.90578432288066;2005015,152.677776894657;2005209,260.2471067067201;2005219,185.0427696946266;2005312,432.14277522532103;2005866,926.82865527748049;2006085,199.80157585667237
